$ANSIBLE_VAULT;1.1;AES256
66623065323838323936656534643164303864386536316635383933306439663365616332363935
3439316666633863383730316631326535346162343165620a303333653036383031333935343338
34303533356536303666653761396666656237353730303339656666666633356533333733636638
6266383230656665300a343563373966656238326237636332653364376662336263303039653434
32353136653732616532323162346634663331333636346634663264663732663462386633643265
38353437386133653431346333313132383064303561636664363466373537636634306461656636
32333735616564396432346463663534636362613830626438333264386636353764306232356332
37366538306565663631666234383663633533316439386266383733353732663136646135636262
39373432303039633339386532303864636136306136386632633139373264386662383166613733
30643539623663636232626530633563663737313136316239643334333136343538613233333135
33633037386364343838316662636465373063313036383332656437636438376539653633643130
35663538333336376333303235383332313734616235656630613730313762373838353631336339
63623464396139396639313866666332353039316337306332633764626262393433363464616466
64346262353630613065613961646263643165356565643164303538333863373665366630326130
31643539616364303763653361653737393863386638613537326661643336313662313161363532
65356635633132656230316464333236356131366431666534666634313733613038663034636564
36613736343933363662333031386265343931663039643430656533313461306665393333393065
64306661386661323365656436666164343338616333326566376335303534666464633665663438
33646666376564646638633662636264666430313037643634636530373634323439386537386366
35386561393837343966663134366666333364306464663632613032386639653037386437613438
61303230353035316566393164646662383834333065656566326338323666333264366266336361
33353831313236363134383934643462373138393230373938363935663166653565326662663831
32646133356335333330323763623264633864303163333535366239363365363938613930363939
36303638643566356231306639306665646436653164386361303565396337346636613836613839
65616338633363386537316265363063366461616333353632336331666437666133333837343061
62653837616335346333636136663661666235653733613638323639633565626536323139396262
66393536636137363266346138303964336336396135633831356637323663373034616466643935
31363939386239373766323637366132313061613039663539343263643462653836353535646332
36616266623633346265366438346534373139323462386230363939643662363531616233346335
65353037393766353037316434373638383666316132616534303636323062343264343536376465
65653031323762313161643939373932333334323734663232316363363730366430393630613438
30383966303264646333306131663432346266353561626338613734303136306364323333323233
65376138643135623961363537383437303966313966636430343366663437386530376631663730
35646330653533383463333138383635343535316365326534303566323762396439366265626264
63643263636530303637303261303431373431613064393532643463353039373933343239356638
37663830303731386365636361643461323439633831643565643738616338393435373861343437
61383762363537316635646539343765376361643236393663666633323665306566343031616161
64356633643535353466643938333962373163653061633032613461363161643530656236393033
36356537343936633161646339333262383032666234313462306363666365663061646266393735
34303964393362333439633439383733313731363866393963333632323637666463643531653039
32363535363463346563326336633233356565623166383062323764333530666239623139373462
65333130373664613237363664363339613862383635343731636132623433323566326531393731
61333834383237306430353263316466623462316230396235396334663565663739393161313065
33306632653836633734343166633464373437373838313165393931306636356239393434373363
39653136336431393561386366366431366432663233663565656439333965633230306236343164
64633435353537316634383937346635636438366137366335353762636338643161643439393865
30373763326263636364623365663134663930313263346436323539306134626363366561333936
34396432366432666666313335663937363233393935343363376464306163356438616530613837
63656331376166323063633330333132326232353931663638366635623732396435376234643565
33636137343066636539313363336262306233303039613233343537663730633633633638363765
66343735303933396666653331613436313335303865303561303636313536633736343865363962
36333830663735643939313638616335383338343636636663393465303762636563326466663261
39393435306262396138343161333830333831653732333637653031663037396262376663663165
31666632303337363864613032366662616531663364323032643164396561383737396239666665
32326538663633376335346535353231636139616430356333393339613433353066323231343763
34323466663764303662366338626231623637323932386438333434366136653039303738323461
65613865376562333130663832303662393939393837333738336261313164353833613861386334
61333331326431623834643261623932343234646364306638363637303136343162363034396461
63366333396530303165376463333239336432386561663030333533663762653564336165643534
64333138346434323238366334303533643765643064656332653664343432316264353437393865
62366636666562323965346164333565373030363766613035643530643432346461313666316632
34313361343636613364393533393434346463393132663662353034666530313133346163326231
31623362376538623834663063386339303636656136326538613539353236383139313536306161
32623362646466366632353134353064363464313964633432623463626531383764333131333432
33333263623530613837666335633363626537366433356331623266646336326463626431396437
37316436326164633036653933303664663234633137306237363737303434306663373164613931
33323136303765356635633134323633316633666437386336383766636366653131616337363230
39326134303739376364656262346231333033313135316430346631363534623837336338636234
37386464386464333137626133383265373465616362663334363465316238636138646561613035
31656661316339323266356565646439623032623739623436303934303763386538326562363932
37333635616265666637313064383534653335326535383838346134363936303865373336316637
34656366616162373233376661656638343961393061363532386563663036323834363330316364
66623961383237366332633565303137633665356134653037396335633065323436633366363631
36303763336332376564313830336662323435303663386331386539303839653232663635316233
34343634633265646132616139616634386433613233653634326230386635323963633635393965
33613632663239623865613937393066633637333831653130646331386461316639613964316232
37306665383634353832333030643063646464303866613964646138656330616430376134343766
65356437363261623338306532386337376534633531373930376637376665653330396261623233
31636137636664333635386434623433623730656631613766383166386232333163393563383131
38353165303536626632393737623165343762393734633331643762376261326266353730633632
38383434646365666638303437613464623866313263303530373839653237356566666135643636
39616435383463346432343430303138663763653331663339303132323534643830373339386162
36316332383739396363323237343939356361643039666363653234356665383765306561613238
31333033613762386164396266376239386130336161393231316261656635393335616165663635
61383130636439353238373165366665303231663037363832336539643762633065653735303961
31613738636630633334363634313866393266353935633163383233383538623162336139653539
33346530373939653065636333376563646465333239653331653034383631616461343561363438
32343334393636643463383432323539616666326230643739663530373233616435613161633337
64646632386130643563326163306335356331623563323831303965663165326530316233353464
31643130653934633439376133633666316161383938613432633966306433636238363835313535
35393831376239326664386262616530613034613737336162613935653338626335326539343335
34633530343638366162353566623239323539646335636137633534336366396230356630613836
34643233653534613839626238363338636363373738623862376163613532353162623930386561
65323166616664613664396336326537303838323236663332653936363062373635396264393937
393030316435636263643233376263313732
